Mat Object: 1 MPI processes
  type: seqdense
0.0000000000000000e+00 1.2500000000000000e-01 2.5000000000000000e-01 3.7500000000000000e-01 5.0000000000000000e-01 6.2500000000000000e-01 7.5000000000000000e-01 8.7500000000000000e-01 
8.0162407181495476e-03 1.3301624071814955e-01 2.5801624071814955e-01 3.8301624071814955e-01 5.0801624071814955e-01 6.3301624071814955e-01 7.5801624071814955e-01 8.8301624071814955e-01 
2.5518738660428628e-02 1.5051873866042864e-01 2.7551873866042864e-01 4.0051873866042864e-01 5.2551873866042864e-01 6.5051873866042864e-01 7.7551873866042864e-01 9.0051873866042864e-01 
4.9418798881095065e-02 1.7441879888109507e-01 2.9941879888109507e-01 4.2441879888109507e-01 5.4941879888109502e-01 6.7441879888109502e-01 7.9941879888109502e-01 9.2441879888109502e-01 
7.5581201118904928e-02 2.0058120111890493e-01 3.2558120111890493e-01 4.5058120111890493e-01 5.7558120111890498e-01 7.0058120111890498e-01 8.2558120111890498e-01 9.5058120111890498e-01 
9.9481261339571400e-02 2.2448126133957141e-01 3.4948126133957141e-01 4.7448126133957141e-01 5.9948126133957136e-01 7.2448126133957136e-01 8.4948126133957136e-01 9.7448126133957136e-01 
1.1698375928185042e-01 2.4198375928185042e-01 3.6698375928185045e-01 4.9198375928185045e-01 6.1698375928185045e-01 7.4198375928185045e-01 8.6698375928185045e-01 9.9198375928185045e-01 
1.2500000000000000e-01 2.5000000000000000e-01 3.7500000000000000e-01 5.0000000000000000e-01 6.2500000000000000e-01 7.5000000000000000e-01 8.7500000000000000e-01 1.0000000000000000e+00 
